5	100	1	
6	99	2	
7	95	5	1	
8	66	22	8	5	
9	23	26	15	10	6	5	6	4	2	2	2	
10	7	8	9	3	6	9	9	7	6	2	8	4	3	5	3	3	1	1	2	0	2	2	1	
11	2	4	3	2	4	0	2	0	8	2	2	2	4	3	7	3	6	1	2	1	2	6	2	3	2	2	1	3	2	0	0	2	2	5	1	1	0	3	2	0	1	1	0	0	0	1	0	0	0	0	1	
12	0	2	2	3	0	2	2	1	1	1	2	1	3	1	1	0	3	1	0	1	5	4	1	5	0	3	2	1	0	4	1	0	1	2	2	1	0	2	1	0	2	1	4	0	1	1	1	1	2	1	2	2	1	1	1	1	2	1	0	1	3	2	1	0	1	0	3	1	0	0	1	0	0	0	0	0	0	1	
13	0	2	0	1	2	1	1	3	0	0	2	1	0	1	3	2	1	0	2	2	1	0	0	1	1	2	1	2	1	0	2	1	3	1	0	1	0	1	2	3	0	3	1	1	0	1	0	3	2	1	1	3	0	1	1	1	1	0	0	3	1	1	0	1	1	2	3	0	4	0	0	2	0	2	0	2	1	1	1	1	0	1	2	0	3	0	0	0	0	1	0	0	0	0	0	1	
14	0	1	1	1	1	1	1	1	2	1	0	1	1	1	1	1	2	1	2	1	1	1	2	0	0	1	1	2	0	1	1	2	1	1	0	1	1	1	1	0	2	1	1	1	1	1	2	0	1	2	0	1	1	0	3	0	2	1	1	1	0	3	2	0	1	0	0	2	0	1	2	1	1	2	0	3	0	0	2	2	1	2	2	0	0	1	2	1	0	1	0	1	0	1	1	0	3	0	1	1	
